[[-3.99736015 -1.54880153 -9.22925105 -9.97897698  6.77824074]
 [ 5.42538672 -2.45339032 -1.40262334  0.24681951 -1.24702372]
 [-3.84073007  0.16981885 -2.63114595  1.17300805 -2.27725774]] [[ 0.8219025 ]
 [ 0.08704707]
 [-0.32206152]
 [ 1.56371138]
 [-2.36591986]]



 ----726-----
 [[-1.13432204 -1.05384415  1.61980353  0.35248113 -0.26232698 -1.28175792
   0.36412904  0.11403378 -0.6929694  -1.49152715]
 [ 0.49679272 -0.93605771  2.3249403   0.23418708 -1.46426956 -0.30805602
  -2.6836313  -0.65774319 -0.02182603  2.39389974]
 [ 0.21354384  0.38589255  0.77255904  0.23245616 -0.56271058  1.36340057
   0.53915437  1.54881737  1.04252269 -0.89113422]
 [-0.41842301 -0.36472782 -0.34615551  0.47545679 -0.13863246 -0.74363592
   1.4790796   1.37591083  0.07594806 -0.99962136]] [[-0.22403831  0.52575422]
 [ 1.14381348 -1.696987  ]
 [ 1.00355507  0.558156  ]
 [-0.2946919   1.40399951]
 [ 0.3355733   1.99508435]
 [ 0.27519317 -0.33884401]
 [ 2.72049107  0.35271773]
 [-0.5666932   0.91130394]
 [-0.65020645 -0.30730564]
 [ 1.03475403 -0.54791266]]


 ---------------696---------------------------------------------
 [[ 0.16290555  0.11516732  0.05065557  0.08515045  0.06262911  0.00964714
  -0.03265488  0.09028742  0.18007912 -0.12275533]
 [ 0.23937899 -1.27065026 -0.77214055 -1.64109307 -0.24870382  0.36543789
   0.66933155 -1.2807317   0.78106689 -0.97450873]
 [ 0.47800015  0.97689088  0.63240562 -1.3677669   0.58168491 -0.65118697
   1.31415036 -0.29218188 -0.26901343 -0.54486866]
 [ 0.99484303 -0.09676064  2.76600157  1.18249637 -1.15536462 -0.02003043
   1.06147906  0.81128838  0.62953703  0.26614672]
 [-1.52254088 -1.48160428  0.82907412 -0.6112105   0.04038206  0.65948444
  -1.86901127 -1.87043257  0.55429741 -0.56571558]] [[   9.94972039    9.11168298]
 [   1.11790193  -31.46610597]
 [  15.63916138  -87.68280675]
 [ 308.19052171   74.15980044]
 [ -93.76460695  202.41853127]
 [-147.67358838 -109.13613907]
 [-186.38200649  -33.77075733]
 [-251.95648479   92.58393504]
 [-190.28684608   76.82678943]
 [ 127.62924645  114.32205092]]




 -----------956 game changed-------------------------------
 [[ -1.11448733   4.80587212  -1.92313904  -1.69645833   2.10450822
   -3.57929335   1.5220629   -2.7757153   -5.01662221  -3.86017804]
 [ 10.22650209   1.68701192  -3.01457114   1.18780765  -5.09018266
   -3.1585148   -2.42242899 -11.23668127  -1.15574469   2.84301833]
 [  0.50607192  -0.3033096    2.02339391  -1.60733304   2.11589167
    1.85594546   0.37435321   2.89897614  -1.53983009   0.45963561]
 [ -0.29660988  -1.49316897  -0.633763     0.75818958   0.75512976
    1.19105644  -1.28996342  -0.21015012  -0.236437    -1.27493748]
 [ -0.04299394  -4.08863408  -2.24464559  -0.97558327  -0.7434692
    1.20561917  -1.08816376   3.18033368  -2.82363966   3.4717888 ]] [[ -7.77869849  -9.355328  ]
 [ -6.14681377  -5.15629579]
 [ -2.53646883  -3.8787657 ]
 [ 13.44391319  -0.63915267]
 [-12.33648414  12.29538995]
 [  1.81672842  -0.16713292]
 [  6.62875958  -0.92451291]
 [  7.88450084  -6.83548097]
 [  6.62206235  -2.74637798]
 [  3.95582372  -2.59600541]]



 ------------------------------------1323 New Game -------------------------

 [[-0.22129017  0.95424346 -0.38185428 -0.33684506  0.41786655 -0.71069667
   0.30221748 -0.55113996 -0.99608954 -0.76646852]
 [ 0.26993078 -1.43282253 -0.87068835 -1.85054471 -0.28044573  0.41207849
   0.7547579  -1.44419065  0.88075395 -1.09888464]
 [ 0.539007    1.10157082  0.71311913 -1.54233409  0.65592498 -0.73429754
   1.48187451 -0.32947287 -0.30334744 -0.6144099 ]
 [ 1.1218142  -0.10911014  3.11902455  1.33341761 -1.30282305 -0.0225869
   1.19695494  0.91483258  0.70988443  0.30011485]
 [-1.71686178 -1.67070047  0.93488831 -0.68921889  0.04553599  0.743654
  -2.10755196 -2.10915465  0.62504203 -0.63791749]] [[-2.32114023 -2.79160174]
 [-1.83419074 -1.53862316]
 [-0.75687467 -1.15741202]
 [ 4.17026604  1.00348997]
 [-1.26877152  2.73901716]
 [-2.18596453 -1.61550709]
 [-2.90874749 -0.5270391 ]
 [-1.75533048  0.64501377]
 [-1.57594996  0.63627717]
 [ 1.0570216   0.9468118 ]]


 --------------------------------1485 new game----------------------------
 [[-0.22129017  0.95424346 -0.38185428 -0.33684506  0.41786655 -0.71069667
   0.30221748 -0.55113996 -0.99608954 -0.76646852]
 [ 0.26993078 -1.43282253 -0.87068835 -1.85054471 -0.28044573  0.41207849
   0.7547579  -1.44419065  0.88075395 -1.09888464]
 [ 0.539007    1.10157082  0.71311913 -1.54233409  0.65592498 -0.73429754
   1.48187451 -0.32947287 -0.30334744 -0.6144099 ]
 [ 1.1218142  -0.10911014  3.11902455  1.33341761 -1.30282305 -0.0225869
   1.19695494  0.91483258  0.70988443  0.30011485]
 [-1.52254088 -1.48160428  0.82907412 -0.6112105   0.04038206  0.65948444
  -1.86901127 -1.87043257  0.55429741 -0.56571558]] [[-2.32114023 -2.79160174]
 [-1.83419074 -1.53862316]
 [-0.75687467 -1.15741202]
 [ 4.17026604  1.00348997]
 [-1.26877152  2.73901716]
 [-2.18596453 -1.61550709]
 [-2.90874749 -0.5270391 ]
 [-1.75533048  0.64501377]
 [-1.57594996  0.63627717]
 [ 0.63954527  0.57286343]]